{
 "cells": [
  {
   "attachments": {},
   "cell_type": "markdown",
   "metadata": {},
   "source": [
    "# Gram continuation"
   ]
  },
  {
   "cell_type": "code",
   "execution_count": 5,
   "metadata": {},
   "outputs": [
    {
     "name": "stdout",
     "output_type": "stream",
     "text": [
      "\n",
      "# elif (GRAMFE_NDELTA == 6 && GRAMFE_ND == 26)\n",
      "\n",
      "GPU_DEVICE_VARIABLE const static gramfe_float  Fe[6][24] = {\n",
      "{0.4082482904638630172300395315687637776136398315429687500000000000, 0.4082482904638630172300395315687637776136398315429687500000000000, 0.4082482904638630172300395315687637776136398315429687500000000000, 0.4082482904638630172300395315687637776136398315429687500000000000, 0.4082482904638630172300395315687637776136398315429687500000000000, 0.4082482904638630172300395315687637776136398315429687500000000000, 0.4082482904638630172300395315687637776136398315429687500000000000, 0.4082482904638630172300395315687637776136398315429687500000000000, 0.4082482904638630172300395315687637776136398315429687500000000000, 0.4082482904638630172300395315687637776136398315429687500000000000, 0.4082482904638630172300395315687637776136398315429687500000000000, 0.4082482904638630172300395315687637776136398315429687500000000000, 0.4082482904638630172300395315687637776136398315429687500000000000, 0.4082482904638630172300395315687637776136398315429687500000000000, 0.4082482904638630172300395315687637776136398315429687500000000000, 0.4082482904638630172300395315687637776136398315429687500000000000, 0.4082482904638630172300395315687637776136398315429687500000000000, 0.4082482904638630172300395315687637776136398315429687500000000000, 0.4082482904638630172300395315687637776136398315429687500000000000, 0.4082482904638630172300395315687637776136398315429687500000000000, 0.4082482904638630172300395315687637776136398315429687500000000000, 0.4082482904638630172300395315687637776136398315429687500000000000, 0.4082482904638630172300395315687637776136398315429687500000000000, 0.4082482904638630172300395315687637776136398315429687500000000000},\n",
      "{0.8366600265340756736875960086763370782136917114257812500000000000, 1.0757057483996732560882492180098779499530792236328125000000000000, 1.3147514692702657601586224700440652668476104736328125000000000000, 1.5537970352604053569933739709085784852504730224609375000000000000, 1.7928343429090847216400561592308804392814636230468750000000000000, 2.0316731085198922457379921979736536741256713867187500000000000000, 2.2679859851676575921430867310846224427223205566406250000000000000, 2.4855210933440732290478081267792731523513793945312500000000000000, 2.6163451581969936476923521695425733923912048339843750000000000000, 2.4904191569934690519971809408161789178848266601562500000000000000, 1.8773812960638989189021685888292267918586730957031250000000000000, 0.7102735772528830926475507112627383321523666381835937500000000000, -0.7102735772528807611791989984340034425258636474609375000000000000, -1.8773812960638971425453291885787621140480041503906250000000000000, -2.4904191569934681638187612406909465789794921875000000000000000000, -2.6163451581969932036031423194799572229385375976562500000000000000, -2.4855210933440723408693884266540408134460449218750000000000000000, -2.2679859851676562598754571808967739343643188476562500000000000000, -2.0316731085198922457379921979736536741256713867187500000000000000, -1.7928343429090833893724266090430319309234619140625000000000000000, -1.5537970352604040247257444207207299768924713134765625000000000000, -1.3147514692702644278909929198562167584896087646484375000000000000, -1.0757057483996719238206196678220294415950775146484375000000000000, -0.8366600265340756736875960086763370782136917114257812500000000000},\n",
      "{1.5275252316519476458722692768787965178489685058593750000000000000, 2.8368325730676668960938968666596338152885437011718750000000000000, 4.4734667495978834850234306941274553537368774414062500000000000000, 6.4374277146850857889148755930364131927490234375000000000000000000, 8.7287124407305416440294720814563333988189697265625000000000000000, 11.3472335660115923872126586502417922019958496093750000000000000000, 14.2916706915290792068162772920913994312286376953125000000000000000, 17.5504257775912435590726090595126152038574218750000000000000000000, 21.0602500023550938124117237748578190803527832031250000000000000000, 24.5985643930847182048182730795815587043762207031250000000000000000, 27.6536479168056388289187452755868434906005859375000000000000000000, 29.4783270914428428000064741354435682296752929687500000000000000000, 29.4783270914428428000064741354435682296752929687500000000000000000, 27.6536479168056388289187452755868434906005859375000000000000000000, 24.5985643930847182048182730795815587043762207031250000000000000000, 21.0602500023550724961296509718522429466247558593750000000000000000, 17.5504257775912222427905362565070390701293945312500000000000000000, 14.2916706915290614432478832895867526531219482421875000000000000000, 11.3472335660115923872126586502417922019958496093750000000000000000, 8.7287124407305274331747568794526159763336181640625000000000000000, 6.4374277146850742425954194914083927869796752929687500000000000000, 4.4734667495978737150608139927498996257781982421875000000000000000, 2.8368325730676589024881195655325427651405334472656250000000000000, 1.5275252316519476458722692768787965178489685058593750000000000000},\n",
      "{3.1304951684996997762766568484948948025703430175781250000000000000, 8.4970583143583553464850410819053649902343750000000000000000000000, 17.2177233170563077635506488149985671043395996093750000000000000000, 30.0378292397451041040312702534720301628112792968750000000000000000, 47.7018399845598679576141876168549060821533203125000000000000000000, 70.9341429297410144272362231276929378509521484375000000000000000000, 100.2232426374068694485686137340962886810302734375000000000000000000, 134.5165324736484251388901611790060997009277343750000000000000000000, 167.0111968622361757752514677122235298156738281250000000000000000000, 179.3873364240117211920733097940683364868164062500000000000000000000, 145.8777889875221944748773239552974700927734375000000000000000000000, 57.1931054582119529072770092170685529708862304687500000000000000000, -57.1931054582116971118921355810016393661499023437500000000000000000, -145.8777889875220239446207415312528610229492187500000000000000000000, -179.3873364240116359269450185820460319519042968750000000000000000000, -167.0111968622360052449948852881789207458496093750000000000000000000, -134.5165324736482261869241483509540557861328125000000000000000000000, -100.2232426374066989183120313100516796112060546875000000000000000000, -70.9341429297410144272362231276929378509521484375000000000000000000, -47.7018399845597613762038236018270254135131835937500000000000000000, -30.0378292397450188389029790414497256278991699218750000000000000000, -17.2177233170562473674181092064827680587768554687500000000000000000, -8.4970583143583180429914136766456067562103271484375000000000000000, -3.1304951684996997762766568484948948025703430175781250000000000000},\n",
      "{7.9372539331937810302974867227021604776382446289062500000000000000, 30.6151223136795600510140502592548727989196777343750000000000000000, 78.8055925534937955490022432059049606323242187500000000000000000000, 165.7374078284574352437630295753479003906250000000000000000000000000, 307.2842054267455864646763075143098831176757812500000000000000000000, 521.9411027609975235463934950530529022216796875000000000000000000000, 830.4936501791866021449095569550991058349609375000000000000000000000, 1253.4055872940186873165657743811607360839843750000000000000000000000, 1798.8224970008491254702676087617874145507812500000000000000000000000, 2431.0775677292322143330238759517669677734375000000000000000000000000, 3031.5344339173652770114131271839141845703125000000000000000000000000, 3409.8914566296011798840481787919998168945312500000000000000000000000, 3409.8914566296011798840481787919998168945312500000000000000000000000, 3031.5344339173652770114131271839141845703125000000000000000000000000, 2431.0775677292322143330238759517669677734375000000000000000000000000, 1798.8224970008457148651359602808952331542968750000000000000000000000, 1253.4055872940159588324604555964469909667968750000000000000000000000, 830.4936501791846694686682894825935363769531250000000000000000000000, 521.9411027609976372332312166690826416015625000000000000000000000000, 307.2842054267446201265556737780570983886718750000000000000000000000, 165.7374078284568099661555606871843338012695312500000000000000000000, 78.8055925534934402776343631558120250701904296875000000000000000000, 30.6151223136793753099027526332065463066101074218750000000000000000, 7.9372539331937819184759064228273928165435791015625000000000000000},\n",
      "{29.1032644217085447735371417365968227386474609375000000000000000000, 153.8315404844820193375198869034647941589355468750000000000000000000, 496.8342761743631967874534893780946731567382812500000000000000000000, 1252.1295881050566549674840644001960754394531250000000000000000000000, 2700.8565646502397612493950873613357543945312500000000000000000000000, 5222.9957580677400983404368162155151367187500000000000000000000000000, 9266.3561760840111674042418599128723144531250000000000000000000000000, 15076.6906058421609486686065793037414550781250000000000000000000000000, 21776.5266960447188466787338256835937500000000000000000000000000000000, 26017.2737488135026069357991218566894531250000000000000000000000000000, 22575.7165251583537610713392496109008789062500000000000000000000000000, 9121.4649264081563160289078950881958007812500000000000000000000000000, -9121.4649264081017463468015193939208984375000000000000000000000000000, -22575.7165251583137433044612407684326171875000000000000000000000000000, -26017.2737488134844170417636632919311523437500000000000000000000000000, -21776.5266960446751909330487251281738281250000000000000000000000000000, -15076.6906058421227498911321163177490234375000000000000000000000000000, -9266.3561760839838825631886720657348632812500000000000000000000000000, -5222.9957580677400983404368162155151367187500000000000000000000000000, -2700.8565646502293020603246986865997314453125000000000000000000000000, -1252.1295881050509706255979835987091064453125000000000000000000000000, -496.8342761743604114599293097853660583496093750000000000000000000000, -153.8315404844808824691426707431674003601074218750000000000000000000, -29.1032644217085483262508205370977520942687988281250000000000000000},\n",
      "};\n",
      "\n",
      "GPU_DEVICE_VARIABLE const static gramfe_float  Fo[6][24] = {\n",
      "{0.4082482904638630172300395315687637776136398315429687500000000000, 0.4082482904638024545640462292794836685061454772949218750000000000, 0.4082482904055281247579500814026687294244766235351562500000000000, 0.4082482796894972287837788371689384803175926208496093750000000000, 0.4082476224633762029725403408519923686981201171875000000000000000, 0.4082297087615642805502602641354314982891082763671875000000000000, 0.4079727044002497415853270013030851259827613830566406250000000000, 0.4058108146326985798957309725665254518389701843261718750000000000, 0.3943522494157368218914427870913641527295112609863281250000000000, 0.3541610752771293668672569765476509928703308105468750000000000000, 0.2577200498889478108566208902630023658275604248046875000000000000, 0.0959669017473715330046601934554928448051214218139648437500000000, -0.0959669017473713109600552684241847600787878036499023437500000000, -0.2577200498889476443231671964895213022828102111816406250000000000, -0.3541610752771292558449545140319969505071640014648437500000000000, -0.3943522494157369329137452496070181950926780700683593750000000000, -0.4058108146326986354068822038243524730205535888671875000000000000, -0.4079727044002497415853270013030851259827613830566406250000000000, -0.4082297087615642805502602641354314982891082763671875000000000000, -0.4082476224633762029725403408519923686981201171875000000000000000, -0.4082482796894972287837788371689384803175926208496093750000000000, -0.4082482904055281247579500814026687294244766235351562500000000000, -0.4082482904638024545640462292794836685061454772949218750000000000, -0.4082482904638630172300395315687637776136398315429687500000000000},\n",
      "{0.8366600265340757847098984711919911205768585205078125000000000000, 1.0757057484009500125665681480313651263713836669921875000000000000, 1.3147514702620108906216955801937729120254516601562500000000000000, 1.5537971907870391508055263329879380762577056884765625000000000000, 1.7928428114645675872651509052957408130168914794921875000000000000, 2.0318851716101606896813791536260396242141723632812500000000000000, 2.2708721432164868936354196193860843777656555175781250000000000000, 2.5093118329967816215742004715139046311378479003906250000000000000, 2.7443612026082315757946616940898820757865905761718750000000000000, 2.9655440542703033202087681274861097335815429687500000000000000000, 3.1479190653611737182870911055942997336387634277343750000000000000, 3.2541655834870706343053825548849999904632568359375000000000000000, 3.2541655834870706343053825548849999904632568359375000000000000000, 3.1479190653611737182870911055942997336387634277343750000000000000, 2.9655440542703033202087681274861097335815429687500000000000000000, 2.7443612026082302435270321439020335674285888671875000000000000000, 2.5093118329967802893065709213260561227798461914062500000000000000, 2.2708721432164855613677900691982358694076538085937500000000000000, 2.0318851716101606896813791536260396242141723632812500000000000000, 1.7928428114645662549975213551078923046588897705078125000000000000, 1.5537971907870378185378967828000895678997039794921875000000000000, 1.3147514702620095583540660300059244036674499511718750000000000000, 1.0757057484009486802989385978435166180133819580078125000000000000, 0.8366600265340757847098984711919911205768585205078125000000000000},\n",
      "{1.5275252316519474238276643518474884331226348876953125000000000000, 2.8368325730625758573921757488278672099113464355468750000000000000, 4.4734667447073581669769737345632165670394897460937500000000000000, 6.4374268142315838048261866788379848003387451171875000000000000000, 8.7286568394032855167097295634448528289794921875000000000000000000, 11.3456950392245818903802501154132187366485595703125000000000000000, 14.2690097397128266010213337722234427928924560546875000000000000000, 17.3518260151755114861771289724856615066528320312500000000000000000, 19.9419914792770711642333480995148420333862304687500000000000000000, 20.3200360947664506738874479196965694427490234375000000000000000000, 16.0322383951873383978181664133444428443908691406250000000000000000, 6.2037210286860338115388913138303905725479125976562500000000000000, -6.2037210286860151597920776112005114555358886718750000000000000000, -16.0322383951873241869634512113407254219055175781250000000000000000, -20.3200360947664435684600903186947107315063476562500000000000000000, -19.9419914792770569533786328975111246109008789062500000000000000000, -17.3518260151754937226087349699810147285461425781250000000000000000, -14.2690097397128088374529397697187960147857666015625000000000000000, -11.3456950392245818903802501154132187366485595703125000000000000000, -8.7286568394032713058550143614411354064941406250000000000000000000, -6.4374268142315722585067305772099643945693969726562500000000000000, -4.4734667447073483970143570331856608390808105468750000000000000000, -2.8368325730625678637863984477007761597633361816406250000000000000, -1.5275252316519474238276643518474884331226348876953125000000000000},\n",
      "{3.1304951684997091021500636998098343610763549804687500000000000000, 8.4970583144976181699803419178351759910583496093750000000000000000, 17.2177234247457668914194073295220732688903808593750000000000000000, 30.0378460341734161431759275728836655616760253906250000000000000000, 47.7027482430062548246496589854359626770019531250000000000000000000, 70.9566983509545963215714436955749988555908203125000000000000000000, 100.5271067666886040115059586241841316223144531250000000000000000000, 136.9898951320938351727818371728062629699707031250000000000000000000, 180.1102430430106835501646855846047401428222656250000000000000000000, 227.0160487387492764810303924605250358581542968750000000000000000000, 269.8140727487647154703154228627681732177734375000000000000000000000, 296.2297796394125839469779748469591140747070312500000000000000000000, 296.2297796394125839469779748469591140747070312500000000000000000000, 269.8140727487647154703154228627681732177734375000000000000000000000, 227.0160487387492764810303924605250358581542968750000000000000000000, 180.1102430430104277547798119485378265380859375000000000000000000000, 136.9898951320936077991063939407467842102050781250000000000000000000, 100.5271067666884192703946609981358051300048828125000000000000000000, 70.9566983509545963215714436955749988555908203125000000000000000000, 47.7027482430061411378119373694062232971191406250000000000000000000, 30.0378460341733344307613151613622903823852539062500000000000000000, 17.2177234247457100480005465215072035789489746093750000000000000000, 8.4970583144975790901298751123249530792236328125000000000000000000, 3.1304951684997091021500636998098343610763549804687500000000000000},\n",
      "{7.9372539331937472795175381179433315992355346679687500000000000000, 30.6151223130036171937717881519347429275512695312500000000000000000, 78.8055919057177760578269953839480876922607421875000000000000000000, 165.7372889180858521740447031334042549133300781250000000000000000000, 307.2768914729405196339939720928668975830078125000000000000000000000, 521.7397357582977974743698723614215850830078125000000000000000000000, 827.5470406818170658880262635648250579833984375000000000000000000000, 1227.8027665897318456700304523110389709472656250000000000000000000000, 1656.3101147158640742418356239795684814453125000000000000000000000000, 1894.3250196283922832662938162684440612792968750000000000000000000000, 1605.3321239756885461247293278574943542480468750000000000000000000000, 642.2450728318298160957056097686290740966796875000000000000000000000, -642.2450728318270876116002909839153289794921875000000000000000000000, -1605.3321239756867271353257820010185241699218750000000000000000000000, -1894.3250196283913737715920433402061462402343750000000000000000000000, -1656.3101147158615731314057484269142150878906250000000000000000000000, -1227.8027665897293445596005767583847045898437500000000000000000000000, -827.5470406818150195249472744762897491455078125000000000000000000000, -521.7397357582977974743698723614215850830078125000000000000000000000, -307.2768914729396101392921991646289825439453125000000000000000000000, -165.7372889180852553181466646492481231689453125000000000000000000000, -78.8055919057174207864591153338551521301269531250000000000000000000, -30.6151223130034324526604905258864164352416992187500000000000000000, -7.9372539331937481676959578180685639381408691406250000000000000000},\n",
      "{29.1032644217105307404835912166163325309753417968750000000000000000, 153.8315405141668179567204788327217102050781250000000000000000000000, 496.8342990307750142164877615869045257568359375000000000000000000000, 1252.1331336181342521740589290857315063476562500000000000000000000000, 2701.0470580518558563198894262313842773437500000000000000000000000000, 5227.6888596830294773099012672901153564453125000000000000000000000000, 9328.9697788888624927494674921035766601562500000000000000000000000000, 15580.2950347487858380191028118133544921875000000000000000000000000000, 24404.1742516645681462250649929046630859375000000000000000000000000000, 35391.6124212736176559701561927795410156250000000000000000000000000000, 46369.1051412058077403344213962554931640625000000000000000000000000000, 53495.2351605043222662061452865600585937500000000000000000000000000000, 53495.2351605043222662061452865600585937500000000000000000000000000000, 46369.1051412058077403344213962554931640625000000000000000000000000000, 35391.6124212736176559701561927795410156250000000000000000000000000000, 24404.1742516645135765429586172103881835937500000000000000000000000000, 15580.2950347487440012628212571144104003906250000000000000000000000000, 9328.9697788888333889190107583999633789062500000000000000000000000000, 5227.6888596830294773099012672901153564453125000000000000000000000000, 2701.0470580518453971308190375566482543945312500000000000000000000000, 1252.1331336181285678321728482842445373535156250000000000000000000000, 496.8342990307722288889635819941759109497070312500000000000000000000, 153.8315405141656810883432626724243164062500000000000000000000000000, 29.1032644217105342931972700171172618865966796875000000000000000000},\n",
      "};\n",
      "\n",
      "GPU_DEVICE_VARIABLE const static gramfe_float  Pl[6][6] = {\n",
      "{0.4082482904638630172300395315687637776136398315429687500000000000, 0.4082482904638630172300395315687637776136398315429687500000000000, 0.4082482904638630172300395315687637776136398315429687500000000000, 0.4082482904638630172300395315687637776136398315429687500000000000, 0.4082482904638630172300395315687637776136398315429687500000000000, 0.4082482904638630172300395315687637776136398315429687500000000000},\n",
      "{-0.5976143046671967828942229061794932931661605834960937500000000000, -0.3585685828003181141454547287139575928449630737304687500000000000, -0.1195228609334393621299597043616813607513904571533203125000000000, 0.1195228609334393621299597043616813607513904571533203125000000000, 0.3585685828003181141454547287139575928449630737304687500000000000, 0.5976143046671967828942229061794932931661605834960937500000000000},\n",
      "{0.5455447255899809055890159470436628907918930053710937500000000000, -0.1091089451179961949955909972231893334537744522094726562500000000, -0.4364357804719847799823639888927573338150978088378906250000000000, -0.4364357804719847799823639888927573338150978088378906250000000000, -0.1091089451179961949955909972231893334537744522094726562500000000, 0.5455447255899809055890159470436628907918930053710937500000000000},\n",
      "{-0.3726779962499649490048625466442899778485298156738281250000000000, 0.5217491947499509619134983040567021816968917846679687500000000000, 0.2981423969999719703061202835669973865151405334472656250000000000, -0.2981423969999719703061202835669973865151405334472656250000000000, -0.5217491947499509619134983040567021816968917846679687500000000000, 0.3726779962499649490048625466442899778485298156738281250000000000},\n",
      "{0.1889822365046136265487319860767456702888011932373046875000000000, -0.5669467095138408518906203426013235002756118774414062500000000000, 0.3779644730092272530974639721534913405776023864746093750000000000, 0.3779644730092272530974639721534913405776023864746093750000000000, -0.5669467095138408518906203426013235002756118774414062500000000000, 0.1889822365046136265487319860767456702888011932373046875000000000},\n",
      "{-0.0629940788348712088495773286922485567629337310791015625000000000, 0.3149703941743560164923110278323292732238769531250000000000000000, -0.6299407883487120329846220556646585464477539062500000000000000000, 0.6299407883487120329846220556646585464477539062500000000000000000, -0.3149703941743560164923110278323292732238769531250000000000000000, 0.0629940788348712088495773286922485567629337310791015625000000000},\n",
      "};\n",
      "\n",
      "GPU_DEVICE_VARIABLE const static gramfe_float  Pr[6][6] = {\n",
      "{0.4082482904638630172300395315687637776136398315429687500000000000, 0.4082482904638630172300395315687637776136398315429687500000000000, 0.4082482904638630172300395315687637776136398315429687500000000000, 0.4082482904638630172300395315687637776136398315429687500000000000, 0.4082482904638630172300395315687637776136398315429687500000000000, 0.4082482904638630172300395315687637776136398315429687500000000000},\n",
      "{-0.5976143046671967828942229061794932931661605834960937500000000000, -0.3585685828003181141454547287139575928449630737304687500000000000, -0.1195228609334393621299597043616813607513904571533203125000000000, 0.1195228609334393621299597043616813607513904571533203125000000000, 0.3585685828003181141454547287139575928449630737304687500000000000, 0.5976143046671967828942229061794932931661605834960937500000000000},\n",
      "{0.5455447255899809055890159470436628907918930053710937500000000000, -0.1091089451179961949955909972231893334537744522094726562500000000, -0.4364357804719847799823639888927573338150978088378906250000000000, -0.4364357804719847799823639888927573338150978088378906250000000000, -0.1091089451179961949955909972231893334537744522094726562500000000, 0.5455447255899809055890159470436628907918930053710937500000000000},\n",
      "{-0.3726779962499649490048625466442899778485298156738281250000000000, 0.5217491947499509619134983040567021816968917846679687500000000000, 0.2981423969999719703061202835669973865151405334472656250000000000, -0.2981423969999719703061202835669973865151405334472656250000000000, -0.5217491947499509619134983040567021816968917846679687500000000000, 0.3726779962499649490048625466442899778485298156738281250000000000},\n",
      "{0.1889822365046136265487319860767456702888011932373046875000000000, -0.5669467095138408518906203426013235002756118774414062500000000000, 0.3779644730092272530974639721534913405776023864746093750000000000, 0.3779644730092272530974639721534913405776023864746093750000000000, -0.5669467095138408518906203426013235002756118774414062500000000000, 0.1889822365046136265487319860767456702888011932373046875000000000},\n",
      "{-0.0629940788348712088495773286922485567629337310791015625000000000, 0.3149703941743560164923110278323292732238769531250000000000000000, -0.6299407883487120329846220556646585464477539062500000000000000000, 0.6299407883487120329846220556646585464477539062500000000000000000, -0.3149703941743560164923110278323292732238769531250000000000000000, 0.0629940788348712088495773286922485567629337310791015625000000000},\n",
      "};\n",
      "\n",
      "# elif (GRAMFE_NDELTA == 6 && GRAMFE_ND == 28)\n",
      "\n",
      "GPU_DEVICE_VARIABLE const static gramfe_float  Fe[6][26] = {\n",
      "{0.4082482904638630172300395315687637776136398315429687500000000000, 0.4082482904638630172300395315687637776136398315429687500000000000, 0.4082482904638630172300395315687637776136398315429687500000000000, 0.4082482904638630172300395315687637776136398315429687500000000000, 0.4082482904638630172300395315687637776136398315429687500000000000, 0.4082482904638630172300395315687637776136398315429687500000000000, 0.4082482904638630172300395315687637776136398315429687500000000000, 0.4082482904638630172300395315687637776136398315429687500000000000, 0.4082482904638630172300395315687637776136398315429687500000000000, 0.4082482904638630172300395315687637776136398315429687500000000000, 0.4082482904638630172300395315687637776136398315429687500000000000, 0.4082482904638630172300395315687637776136398315429687500000000000, 0.4082482904638630172300395315687637776136398315429687500000000000, 0.4082482904638630172300395315687637776136398315429687500000000000, 0.4082482904638630172300395315687637776136398315429687500000000000, 0.4082482904638630172300395315687637776136398315429687500000000000, 0.4082482904638630172300395315687637776136398315429687500000000000, 0.4082482904638630172300395315687637776136398315429687500000000000, 0.4082482904638630172300395315687637776136398315429687500000000000, 0.4082482904638630172300395315687637776136398315429687500000000000, 0.4082482904638630172300395315687637776136398315429687500000000000, 0.4082482904638630172300395315687637776136398315429687500000000000, 0.4082482904638630172300395315687637776136398315429687500000000000, 0.4082482904638630172300395315687637776136398315429687500000000000, 0.4082482904638630172300395315687637776136398315429687500000000000, 0.4082482904638630172300395315687637776136398315429687500000000000},\n",
      "{0.8366600265340765618660157088015694171190261840820312500000000000, 1.0757057484007532810466045702924020588397979736328125000000000000, 1.3147514701002687154129944246960803866386413574218750000000000000, 1.5537971636214427118005687589175067842006683349609375000000000000, 1.7928412045346553416180768181220628321170806884765625000000000000, 2.0318407804468185950952374696498736739158630371093750000000000000, 2.2701946698973762828188682760810479521751403808593750000000000000, 2.5029421020420135057804600364761427044868469238281250000000000000, 2.7045870055780754093177620234200730919837951660156250000000000000, 2.7913825896601438536492878483841195702552795410156250000000000000, 2.5905049633013237375678272655932232737541198730468750000000000000, 1.9052963122769812631673858049907721579074859619140625000000000000, 0.7099939393026989398194359637273009866476058959960937500000000000, -0.7099939393026960532395719383202958852052688598632812500000000000, -1.9052963122769790427213365546776913106441497802734375000000000000, -2.5905049633013224053001977154053747653961181640625000000000000000, -2.7913825896601434095600779983215034008026123046875000000000000000, -2.7045870055780745211393423232948407530784606933593750000000000000, -2.5029421020420130616912501864135265350341796875000000000000000000, -2.2701946698973758387296584260184317827224731445312500000000000000, -2.0318407804468185950952374696498736739158630371093750000000000000, -1.7928412045346551195734718930907547473907470703125000000000000000, -1.5537971636214424897559638338861986994743347167968750000000000000, -1.3147514701002684933683894996647723019123077392578125000000000000, -1.0757057484007517267343700950732454657554626464843750000000000000, -0.8366600265340750075537812335824128240346908569335937500000000000},\n",
      "{1.5275252316519518647197628524736501276493072509765625000000000000, 2.8368325730678680685059589450247585773468017578125000000000000000, 4.4734667497979332395630081009585410356521606445312500000000000000, 6.4374277535013941786701252567581832408905029296875000000000000000, 8.7287149917207802474194977548904716968536376953125000000000000000, 11.3473094931702167542653114651329815387725830078125000000000000000, 14.2928873206227109449173440225422382354736328125000000000000000000, 17.5621668846653911089106259169057011604309082031250000000000000000, 21.1339926110049098895160568645223975181579589843750000000000000000, 24.9175471858839259198248328175395727157592773437500000000000000000, 28.6465762630902531782339792698621749877929687500000000000000000000, 31.7860964103721563844828779110684990882873535156250000000000000000, 33.6240744167238787554197188001126050949096679687500000000000000000, 33.6240744167238787554197188001126050949096679687500000000000000000, 31.7860964103721563844828779110684990882873535156250000000000000000, 28.6465762630902531782339792698621749877929687500000000000000000000, 24.9175471858839010508290812140330672264099121093750000000000000000, 21.1339926110048885732339840615168213844299316406250000000000000000, 17.5621668846653911089106259169057011604309082031250000000000000000, 14.2928873206227091685605046222917735576629638671875000000000000000, 11.3473094931702149779084720648825168609619140625000000000000000000, 8.7287149917207802474194977548904716968536376953125000000000000000, 6.4374277535013924023132858565077185630798339843750000000000000000, 4.4734667497979323513845884008333086967468261718750000000000000000, 2.8368325730678587426325520937098190188407897949218750000000000000, 1.5275252316519443152031954014091752469539642333984375000000000000},\n",
      "{3.1304951684997215366479395015630871057510375976562500000000000000, 8.4970583144739393333111365791410207748413085937500000000000000000, 17.2177234057297212643788952846080064773559570312500000000000000000, 30.0378429197358975955012283520773053169250488281250000000000000000, 47.7025688917719321580079849809408187866210937500000000000000000000, 70.9518777654488133066479349508881568908691406250000000000000000000, 100.4554941917203620960208354517817497253417968750000000000000000000, 136.3336550253494010576105210930109024047851562500000000000000000000, 176.1099098851599933368561323732137680053710937500000000000000000000, 209.8937165144069751931965583935379981994628906250000000000000000000, 216.2457042811183214325865264981985092163085937500000000000000000000, 169.8334861667061090884089935570955276489257812500000000000000000000, 65.2820256761214494645173544995486736297607421875000000000000000000, -65.2820256761210657714400440454483032226562500000000000000000000000, -169.8334861667058248713146895170211791992187500000000000000000000000, -216.2457042811181509023299440741539001464843750000000000000000000000, -209.8937165144067478195211151614785194396972656250000000000000000000, -176.1099098851597091197618283331394195556640625000000000000000000000, -136.3336550253494010576105210930109024047851562500000000000000000000, -100.4554941917203478851661202497780323028564453125000000000000000000, -70.9518777654487990957932197488844394683837890625000000000000000000, -47.7025688917719179471532697789371013641357421875000000000000000000, -30.0378429197358904900738707510754466056823730468750000000000000000, -17.2177234057297177116652164841070771217346191406250000000000000000, -8.4970583144738949243901515728794038295745849609375000000000000000, -3.1304951684996957794737681979313492774963378906250000000000000000},\n",
      "{7.9372539331938316564674096298404037952423095703125000000000000000, 30.6151223137353909464764001313596963882446289062500000000000000000, 78.8055926093575180857442319393157958984375000000000000000000000000, 165.7374186438606216142943594604730606079101562500000000000000000000, 307.2849141638765786410658620297908782958984375000000000000000000000, 521.9621181924914026240003295242786407470703125000000000000000000000, 830.8287312932314989666338078677654266357421875000000000000000000000, 1256.6180980436010941048152744770050048828125000000000000000000000000, 1818.8212392831992474384605884552001953125000000000000000000000000000, 2516.5381695008718452299945056438446044921875000000000000000000000000, 3293.0633855904825395555235445499420166015625000000000000000000000000, 4003.1411504613729448465164750814437866210937500000000000000000000000, 4438.6943816948078165296465158462524414062500000000000000000000000000, 4438.6943816948069070349447429180145263671875000000000000000000000000, 4003.1411504613724900991655886173248291015625000000000000000000000000, 3293.0633855904820848081726580858230590820312500000000000000000000000, 2516.5381695008668430091347545385360717773437500000000000000000000000, 1818.8212392831951547123026102781295776367187500000000000000000000000, 1256.6180980436008667311398312449455261230468750000000000000000000000, 830.8287312932313852797960862517356872558593750000000000000000000000, 521.9621181924911752503248862922191619873046875000000000000000000000, 307.2849141638764649542281404137611389160156250000000000000000000000, 165.7374186438605647708754986524581909179687500000000000000000000000, 78.8055926093574896640348015353083610534667968750000000000000000000, 30.6151223137351742309419933008030056953430175781250000000000000000, 7.9372539331937428386254396173171699047088623046875000000000000000},\n",
      "{29.1032644217103815265090815955772995948791503906250000000000000000, 153.8315405085650695582444313913583755493164062500000000000000000000, 496.8342946196873413100547622889280319213867187500000000000000000000, 1252.1324272751182888896437361836433410644531250000000000000000000000, 2701.0073904756327465292997658252716064453125000000000000000000000000, 5226.6508958310487287235446274280548095703125000000000000000000000000, 9313.9681229121451906394213438034057617187500000000000000000000000000, 15446.4875532472578925080597400665283203125000000000000000000000000000, 23609.1613908551880740560591220855712890625000000000000000000000000000, 32069.2758427618646237533539533615112304687500000000000000000000000000, 36209.3461991539443260990083217620849609375000000000000000000000000000, 30079.4699242589376808609813451766967773437500000000000000000000000000, 11869.4354267059261474059894680976867675781250000000000000000000000000, -11869.4354267058279219781979918479919433593750000000000000000000000000, -30079.4699242588649212848395109176635742187500000000000000000000000000, -36209.3461991538933943957090377807617187500000000000000000000000000000, -32069.2758427617991401348263025283813476562500000000000000000000000000, -23609.1613908551262284163385629653930664062500000000000000000000000000, -15446.4875532472524355398491024971008300781250000000000000000000000000, -9313.9681229121415526606142520904541015625000000000000000000000000000, -5226.6508958310469097341410815715789794921875000000000000000000000000, -2701.0073904756318370345979928970336914062500000000000000000000000000, -1252.1324272751176067686174064874649047851562500000000000000000000000, -496.8342946196870570929604582488536834716796875000000000000000000000, -153.8315405085637053161917719990015029907226562500000000000000000000, -29.1032644217099800698633771389722824096679687500000000000000000000},\n",
      "};\n",
      "\n",
      "GPU_DEVICE_VARIABLE const static gramfe_float  Fo[6][26] = {\n",
      "{0.4082482904638630172300395315687637776136398315429687500000000000, 0.4082482904638546350462036116368835791945457458496093750000000000, 0.4082482904552034441714170043269405141472816467285156250000000000, 0.4082482887283119810106768454716075211763381958007812500000000000, 0.4082481719961403299201663230633130297064781188964843750000000000, 0.4082446074921248779787674720864742994308471679687500000000000000, 0.4081862976017620603386149014113470911979675292968750000000000000, 0.4076162264473376373175028675177600234746932983398437500000000000, 0.4040302273114849684887417424761224538087844848632812500000000000, 0.3887532671234024128636974637629464268684387207031250000000000000, 0.3430651898314269199197212856233818456530570983886718750000000000, 0.2447355512099012031512756948359310626983642578125000000000000000, 0.0899439091761790043833002528117503970861434936523437500000000000, -0.0899439091761786435608172496358747594058513641357421875000000000, -0.2447355512099009533510951541757094673812389373779296875000000000, -0.3430651898314267533862675918499007821083068847656250000000000000, -0.3887532671234025238859999262786004692316055297851562500000000000, -0.4040302273114850239998929737339494749903678894042968750000000000, -0.4076162264473376373175028675177600234746932983398437500000000000, -0.4081862976017620603386149014113470911979675292968750000000000000, -0.4082446074921248779787674720864742994308471679687500000000000000, -0.4082481719961403299201663230633130297064781188964843750000000000, -0.4082482887283119810106768454716075211763381958007812500000000000, -0.4082482904552034441714170043269405141472816467285156250000000000, -0.4082482904638546350462036116368835791945457458496093750000000000, -0.4082482904638630172300395315687637776136398315429687500000000000},\n",
